614	2021-10-13 23:33:13.174063+08	2021-10-13 23:33:13.174063+08		4532	1786	2746	5	100993	100993	2021-10-13 23:23:22.662271+08	2021-10-13 23:23:22.662271+08		2000	75	25	0	-3	6	6	50	50	50	50	10	13	3	250
615	2021-10-13 23:33:13.174063+08	2021-10-13 23:33:13.174063+08		4532	1786	2746	5	100994	100994	2021-10-13 23:23:22.662271+08	2021-10-13 23:23:22.662271+08		2000	75	25	0	-3	6	6	50	50	50	50	10	13	3	200
616	2021-10-13 23:33:13.174063+08	2021-10-13 23:33:13.174063+08		4532	1786	2746	5	100995	100995	2021-10-13 23:23:22.662271+08	2021-10-13 23:23:22.662271+08		2000	75	25	0	-3	6	6	50	50	50	50	10	13	3	150
553	2021-10-13 23:29:30.912031+08	2021-10-13 23:29:30.912031+08		2942	544	2398	5	96033	96033	2021-10-13 23:23:22.607043+08	2021-10-13 23:23:22.607043+08		2000	75	20	0	-3	6	6	50	50	50	50	10	13	3	250
554	2021-10-13 23:29:30.912031+08	2021-10-13 23:29:30.912031+08		2942	544	2398	5	96034	96034	2021-10-13 23:23:22.607043+08	2021-10-13 23:23:22.607043+08		2000	75	20	0	-3	6	6	50	50	50	50	10	13	3	200
555	2021-10-13 23:29:30.912031+08	2021-10-13 23:29:30.912031+08		2942	544	2398	5	96035	96035	2021-10-13 23:23:22.607043+08	2021-10-13 23:23:22.607043+08		2000	75	20	0	-3	6	6	50	50	50	50	10	13	3	150
846	2021-10-13 23:38:15.304834+08	2021-10-13 23:38:15.304834+08		2536	279	2257	5	113793	113793	2021-10-13 23:23:22.771328+08	2021-10-13 23:23:22.771328+08		2000	70	25	0	-3	6	6	50	50	50	50	10	13	3	250
847	2021-10-13 23:38:15.304834+08	2021-10-13 23:38:15.304834+08		2536	279	2257	5	113794	113794	2021-10-13 23:23:22.771328+08	2021-10-13 23:23:22.771328+08		2000	70	25	0	-3	6	6	50	50	50	50	10	13	3	200
848	2021-10-13 23:38:15.304834+08	2021-10-13 23:38:15.304834+08		2536	279	2257	5	113795	113795	2021-10-13 23:23:22.771328+08	2021-10-13 23:23:22.771328+08		2000	70	25	0	-3	6	6	50	50	50	50	10	13	3	150
1088	2021-10-13 23:41:59.050948+08	2021-10-13 23:41:59.050948+08		2536	279	2257	5	130593	130593	2021-10-13 23:23:22.937693+08	2021-10-13 23:23:22.937693+08		2000	65	25	0	-3	6	6	50	50	50	50	10	13	3	250
1089	2021-10-13 23:41:59.050948+08	2021-10-13 23:41:59.050948+08		2536	279	2257	5	130594	130594	2021-10-13 23:23:22.937693+08	2021-10-13 23:23:22.937693+08		2000	65	25	0	-3	6	6	50	50	50	50	10	13	3	200
1090	2021-10-13 23:41:59.050948+08	2021-10-13 23:41:59.050948+08		2536	279	2257	5	130595	130595	2021-10-13 23:23:22.937693+08	2021-10-13 23:23:22.937693+08		2000	65	25	0	-3	6	6	50	50	50	50	10	13	3	150
576	2021-10-13 23:29:30.912031+08	2021-10-13 23:29:30.912031+08		2502	4	2498	6	98993	98993	2021-10-13 23:23:22.639802+08	2021-10-13 23:23:22.639802+08		1500	75	25	0	-3	6	6	50	50	50	50	10	13	3	250
577	2021-10-13 23:29:30.912031+08	2021-10-13 23:29:30.912031+08		2502	4	2498	6	98994	98994	2021-10-13 23:23:22.639802+08	2021-10-13 23:23:22.639802+08		1500	75	25	0	-3	6	6	50	50	50	50	10	13	3	200
578	2021-10-13 23:29:30.912031+08	2021-10-13 23:29:30.912031+08		2502	4	2498	6	98995	98995	2021-10-13 23:23:22.639802+08	2021-10-13 23:23:22.639802+08		1500	75	25	0	-3	6	6	50	50	50	50	10	13	3	150
613	2021-10-13 23:33:13.174063+08	2021-10-13 23:33:13.174063+08		2433	1786	647	5	100973	100973	2021-10-13 23:23:22.662271+08	2021-10-13 23:23:22.662271+08		2000	75	25	0	-3	6	6	50	50	50	50	20	26	1	250
734	2021-10-13 23:34:58.629111+08	2021-10-13 23:34:58.629111+08		1954	145	1809	6	110803	110803	2021-10-13 23:23:22.756165+08	2021-10-13 23:23:22.756165+08		1500	70	20	0	-3	6	6	50	50	50	50	20	26	3	250
735	2021-10-13 23:34:58.629111+08	2021-10-13 23:34:58.629111+08		1954	145	1809	6	110804	110804	2021-10-13 23:23:22.756165+08	2021-10-13 23:23:22.756165+08		1500	70	20	0	-3	6	6	50	50	50	50	20	26	3	200
795	2021-10-13 23:34:58.629111+08	2021-10-13 23:34:58.629111+08		1954	145	1809	6	111763	111763	2021-10-13 23:23:22.756165+08	2021-10-13 23:23:22.756165+08		1500	70	25	0	-3	6	6	50	50	50	50	20	26	3	250
796	2021-10-13 23:34:58.629111+08	2021-10-13 23:34:58.629111+08		1954	145	1809	6	111764	111764	2021-10-13 23:23:22.756165+08	2021-10-13 23:23:22.756165+08		1500	70	25	0	-3	6	6	50	50	50	50	20	26	3	200
438	2021-10-13 23:26:54.325093+08	2021-10-13 23:26:54.325093+08		1682	784	898	5	90634	90634	2021-10-13 23:23:22.505887+08	2021-10-13 23:23:22.505887+08		2000	75	10	0	-3	6	6	50	50	50	50	5	6.5	1	250
439	2021-10-13 23:26:54.325093+08	2021-10-13 23:26:54.325093+08		1682	784	898	5	90636	90636	2021-10-13 23:23:22.505887+08	2021-10-13 23:23:22.505887+08		2000	75	10	0	-3	6	6	50	50	50	50	5	6.5	1	200
668	2021-10-13 23:33:13.174063+08	2021-10-13 23:33:13.174063+08		1682	784	898	5	106938	106938	2021-10-13 23:23:22.718429+08	2021-10-13 23:23:22.718429+08		2000	70	10	0	-3	6	6	50	50	50	50	5	6.5	1	250
669	2021-10-13 23:33:13.174063+08	2021-10-13 23:33:13.174063+08		1682	784	898	5	106939	106939	2021-10-13 23:23:22.718429+08	2021-10-13 23:23:22.718429+08		2000	70	10	0	-3	6	6	50	50	50	50	5	6.5	1	200
904	2021-10-13 23:39:38.593464+08	2021-10-13 23:39:38.593464+08		1682	784	898	5	119738	119738	2021-10-13 23:23:22.828457+08	2021-10-13 23:23:22.828457+08		2000	65	10	0	-3	6	6	50	50	50	50	5	6.5	1	250
905	2021-10-13 23:39:38.593464+08	2021-10-13 23:39:38.593464+08		1682	784	898	5	119739	119739	2021-10-13 23:23:22.828457+08	2021-10-13 23:23:22.828457+08		2000	65	10	0	-3	6	6	50	50	50	50	5	6.5	1	200
1166	2021-10-13 23:45:10.354955+08	2021-10-13 23:45:10.354955+08		1682	784	898	5	136538	136538	2021-10-13 23:23:22.989476+08	2021-10-13 23:23:22.989476+08		2000	60	10	0	-3	6	6	50	50	50	50	5	6.5	1	250
1167	2021-10-13 23:45:10.354955+08	2021-10-13 23:45:10.354955+08		1682	784	898	5	136539	136539	2021-10-13 23:23:22.989476+08	2021-10-13 23:23:22.989476+08		2000	60	10	0	-3	6	6	50	50	50	50	5	6.5	1	200
1345	2021-10-13 23:51:04.489572+08	2021-10-13 23:51:04.489572+08		1682	784	898	5	149338	149338	2021-10-13 23:23:23.08466+08	2021-10-13 23:23:23.08466+08		2000	55	10	0	-3	6	6	50	50	50	50	5	6.5	1	250
1346	2021-10-13 23:51:04.489572+08	2021-10-13 23:51:04.489572+08		1682	784	898	5	149339	149339	2021-10-13 23:23:23.08466+08	2021-10-13 23:23:23.08466+08		2000	55	10	0	-3	6	6	50	50	50	50	5	6.5	1	200
1532	2021-10-13 23:57:23.364324+08	2021-10-13 23:57:23.364324+08		1682	784	898	5	162138	162138	2021-10-13 23:23:23.184602+08	2021-10-13 23:23:23.184602+08		2000	50	10	0	-3	6	6	50	50	50	50	5	6.5	1	250
1533	2021-10-13 23:57:23.364324+08	2021-10-13 23:57:23.364324+08		1682	784	898	5	162139	162139	2021-10-13 23:23:23.184602+08	2021-10-13 23:23:23.184602+08		2000	50	10	0	-3	6	6	50	50	50	50	5	6.5	1	200
549	2021-10-13 23:29:30.912031+08	2021-10-13 23:29:30.912031+08		637	37	600	5	96013	96013	2021-10-13 23:23:22.607043+08	2021-10-13 23:23:22.607043+08		2000	75	20	0	-3	6	6	50	50	50	50	20	26	1	250
1598	2021-10-13 23:57:23.364324+08	2021-10-13 23:57:23.364324+08		592	391	201	6	170974	170974	2021-10-13 23:23:23.292243+08	2021-10-13 23:23:23.292243+08		1500	50	25	0	-3	6	6	50	50	50	50	20	26	1	200
802	2021-10-13 23:38:15.304834+08	2021-10-13 23:38:15.304834+08		443	242	201	6	111774	111774	2021-10-13 23:23:22.756165+08	2021-10-13 23:23:22.756165+08		1500	70	25	0	-3	6	6	50	50	50	50	20	26	1	200
1047	2021-10-13 23:41:59.050948+08	2021-10-13 23:41:59.050948+08		443	242	201	6	128402	128402	2021-10-13 23:23:22.911302+08	2021-10-13 23:23:22.911302+08		1500	65	25	0	-3	6	6	50	50	50	50	20	26	1	200
1231	2021-10-13 23:48:23.685116+08	2021-10-13 23:48:23.685116+08		443	242	201	6	141374	141374	2021-10-13 23:23:23.012863+08	2021-10-13 23:23:23.012863+08		1500	60	25	0	-3	6	6	50	50	50	50	20	26	1	200
1410	2021-10-13 23:55:03.557909+08	2021-10-13 23:55:03.557909+08		443	242	201	6	154174	154174	2021-10-13 23:23:23.126431+08	2021-10-13 23:23:23.126431+08		1500	55	25	0	-3	6	6	50	50	50	50	20	26	1	200
801	2021-10-13 23:38:15.304834+08	2021-10-13 23:38:15.304834+08		342	141	201	6	111773	111773	2021-10-13 23:23:22.756165+08	2021-10-13 23:23:22.756165+08		1500	70	25	0	-3	6	6	50	50	50	50	20	26	1	250
1046	2021-10-13 23:41:59.050948+08	2021-10-13 23:41:59.050948+08		342	141	201	6	128400	128400	2021-10-13 23:23:22.911302+08	2021-10-13 23:23:22.911302+08		1500	65	25	0	-3	6	6	50	50	50	50	20	26	1	250
1230	2021-10-13 23:48:23.685116+08	2021-10-13 23:48:23.685116+08		342	141	201	6	141373	141373	2021-10-13 23:23:23.012863+08	2021-10-13 23:23:23.012863+08		1500	60	25	0	-3	6	6	50	50	50	50	20	26	1	250
1409	2021-10-13 23:55:03.557909+08	2021-10-13 23:55:03.557909+08		342	141	201	6	154173	154173	2021-10-13 23:23:23.126431+08	2021-10-13 23:23:23.126431+08		1500	55	25	0	-3	6	6	50	50	50	50	20	26	1	250
1597	2021-10-13 23:57:23.364324+08	2021-10-13 23:57:23.364324+08		342	141	201	6	170973	170973	2021-10-13 23:23:23.292243+08	2021-10-13 23:23:23.292243+08		1500	50	25	0	-3	6	6	50	50	50	50	20	26	1	250
